10
1.0 0.0 0.0 0.0 0.0 0.0 0.0 0.0 0.0 0.0
-0.0 1.0 0.0 0.0 0.0 0.0 0.0 0.0 0.0 0.0
0.0 2.833024568723465e-11 1.0 0.0 0.0 0.0 0.0 0.0 0.0 0.0
0.0 0.0 0.0 1.0 0.0 0.0 0.0 0.0 0.0 0.0
0.0 0.0 0.0 0.0 1.0 0.0 0.0 0.0 0.0 0.0
-1.516670027823635e-17 0.0 0.0 0.0 0.0 1.0 0.0 0.0 0.0 0.0
0.0 0.0 0.0 0.0 0.0 0.0 1.0 0.0 0.0 0.0
-0.0 -0.0 -0.0 -0.0 -0.0 -0.0 -0.0 1.0 0.0 0.0
0.0 0.0 0.0 0.0 0.0 0.0 0.0 0.0 1.0 0.0
-0.0 -0.0 -0.0 -0.0 1.6298814323154235e-16 -0.0 -0.0 -0.0 -0.0 1.0
0.46032233629375696 0.4476808109388959 0.1247290296423102 0.7592894295545325 0.16109055713605747 0.29967123153367936 0.1519040461848531 -0.46593329432033503 -0.13220933865031692 -1.1112052297719566
