10
4.37649754547742E-7 0.5771801707233347 0.6041381211173664 0.7387909588666514 0.9737716417502379 0.03038848228590263 0.5992176139568489 0.6908454215861111 0.5979143158576576 0.2419289469128646 
0.08595498702378113 0.7166045855461084 0.24671034828495908 0.5983587833870325 0.9825504585370919 0.18927815702632556 0.4224752081279246 0.9435824536091473 0.08228576799683762 0.29102818346683756 
0.749033167993967 0.6281532562292839 0.3802499958844857 0.17491348008008067 0.4914121019020644 0.9331909166645682 0.7508239902479218 0.8983767884844907 0.23643154004287192 0.2753171844545006 
0.038820116991159725 0.7480559125103498 0.45186636192018226 0.8148327899491038 0.7883066853206719 0.9946456595085468 0.13112502294729966 0.9614285390354808 0.90052977623063 0.691732835226027 
0.6258907969544355 0.8000446069789644 0.4859771743709317 0.8639715134755916 0.07093059196269857 0.6440612071723493 0.055512831180877464 0.3176616248234453 0.5132847770889623 0.7638254813188047 
0.9816422382125239 0.35073861439220455 0.9723091361515017 0.8355885434203755 0.8533527211805033 0.8393776682983277 0.17754723880337564 0.8092476259563199 0.9466046246981672 0.5348613408973353 
0.658170278991644 0.7028586151106994 0.5374331615673491 0.9170541669849648 0.19072852477253022 0.2977039973524387 0.19575234046846735 0.6197741750659284 0.35121657560991837 0.829772234728661 
0.5153364068032862 0.2685451362430167 0.0629625007588831 0.5518244865199933 0.959085999013272 0.5526604463310362 0.5836086947919057 0.4747949799478425 0.6285698794549506 0.4911827876202127 
0.3324599784665446 0.6880917255811763 0.8029652473952267 0.14645115322578683 0.32373254199441814 0.4054345994583205 0.03490287469632014 0.4888604243398673 0.7417448792827558 0.28618790980492326 
0.4393559533617535 0.7231249658544494 0.3708497601488353 0.6417151319471102 0.5665942937651032 0.14893255093154534 0.17591432423808462 0.8521038153332376 0.9113587356110343 0.5478408286515121 
0.48192751553357527 0.3507356092831003 0.5233365400169501 0.13711153930556053 0.5111244812465445 0.6840479652632062 0.2733885268146017 0.34292929136643946 0.2075298837259778 0.09582639899846468 
