20
0.29539550354650024 0.03198394333622101 0.2534006256888347 0.1623483706312816 0.7004299721540335 0.48807466075653305 0.4311031700726986 0.5808522482408536 0.9504033407847443 0.22107932193873503 0.3817989135066061 0.8925732231814535 0.5793095117665618 0.8811093756911595 0.28644545899269513 0.8854479086797427 0.4188417276766113 0.36777907737238447 0.7413195241305984 0.6473468794739446 
0.0 0.3730120783711338 0.5104636708380732 0.0791996138314669 -0.627187717107684 0.040649288059999344 0.07673495492639126 -0.24457406012578664 -0.9166721075635655 0.0038028050666840674 -0.5105637321833868 -1.0647787476171935 -0.12360616872933272 -1.2133510240154448 0.051225034060184305 -0.7155932118306282 0.18427592262798842 0.112638242836827 -1.1274598116446477 -0.3708620532545598 
0.0 0.0 -1.1672089079835863 -0.19427104169454387 -1.064033557234387 -0.8014247202620468 -0.9545045310133116 -0.5734164142006066 -0.7148622907143822 0.07953881319102428 0.08374070160368596 -0.4980050342178972 -1.2590979339569506 -0.7450744428655596 -0.11429323451426189 -0.6573462898045572 -0.8452443388931636 -0.6030860782610694 0.17021396612749728 -0.6894255108233925 
0.0 0.0 0.0 0.46808604263031484 -1.6918497573091558 -0.6652007764877614 -0.7088336776699375 -1.4150486422919757 -2.5287668447030294 -0.03468261554670502 -0.6747437784446778 -2.00614395620904 -0.576311175770953 -1.6550057819521002 -0.6327912958467939 -2.3942873195344574 -0.7542007714656044 -0.591198632872248 -1.5907395460619775 -1.2471873191591671 
0.0 0.0 0.0 0.0 2.3093093643982208 0.1425651797963533 0.24168995497578294 0.9241039842386388 1.9979269439367426 -0.5744310007327528 1.0867350059368612 2.5879893882326908 0.10159929307747695 2.563014736484228 0.05568052946750601 1.9195761260400497 0.5327024709802634 -0.3216803020858839 1.5821791605323172 0.588109868945911 
0.0 0.0 0.0 0.0 0.0 0.3045096714017111 0.1829097130584589 0.03899423411880863 -0.7423548574319399 0.028858619281978304 -0.22620079049589178 0.35904008335930654 -0.0882213479376089 0.2748194190922207 -0.41299138739769414 -0.5587405666017644 0.17976672077049982 -0.2763367744416697 0.1485719414983741 -0.37469386237471614 
0.0 0.0 0.0 0.0 0.0 0.0 0.3995125564873656 -0.3165182297713751 -0.653785692209983 -0.032996678177467625 -0.6990934905216981 -0.060273996147850506 -0.6781541721144277 -0.6480208408717196 0.2929828930002919 -0.9162887993336308 0.4463009411795177 -0.3885626405324218 -0.48109047919824804 -0.4227856047964556 
0.0 0.0 0.0 0.0 0.0 0.0 0.0 0.4172634105373309 1.4191526522354652 -0.11371389032470378 1.1721410260188807 -0.3868031920711007 1.1540524653166548 0.9871774760009968 0.20874759943434754 0.9101025389188726 -0.7422242796325644 0.6292602682774018 0.4091304206073884 1.074643067210244 
0.0 3.469446951953614E-18 0.0 0.0 0.0 3.469446951953614E-18 0.0 0.0 -1.1436812618337808 0.36702212581149324 -1.0410424180934281 0.0858319266383416 -1.578167415966886 -0.8876389379450856 -0.14497713498412987 -0.6877418978092608 0.9226308954406235 -0.8292749699342952 -0.29492335355224586 -1.048089883431825 
0.0 -3.056046392729532E-18 6.938893903907228E-18 0.0 0.0 -3.056046392729532E-18 0.0 -1.1102230246251565E-16 0.0 0.23931277141228324 -0.3500012337669486 1.6136403216475783 -0.21140321354439617 -0.1543901417757887 0.42685703415095083 0.39703783387349456 -0.04553692862458292 0.5485202123766787 1.0151522834940776 0.09540646334091407 
0.0 -5.9541418129787294E-18 -4.998329781541647E-18 0.0 0.0 -5.9541418129787294E-18 0.0 7.997327650466635E-17 4.440892098500626E-16 0.0 4.293253315690304E-6 -0.0384483554676367 1.8106305115752046 -0.04175900443258966 -0.5006229424096813 1.449349544671676 -0.5277815818646941 0.9389854994724356 0.5714004944406385 0.13248297600761932 
0.0 1.539840421238208E-17 -3.352766544826712E-17 0.0 0.0 1.539840421238208E-17 -5.551115123125783E-17 5.36442647172274E-16 -2.7755575615628914E-17 0.0 0.05994720415998178 -7.581386335238021 -0.6015560887137246 -1.4637803112915393 0.09091154594566486 -2.379368748244626 1.6509982786758433 -1.9588360715210784 -5.782163331326458 -0.7890477783002018 
0.0 -1.2902447749568186E-16 2.3583251730691683E-17 1.3877787807814457E-17 0.0 -1.2902447749568186E-16 0.0 -3.7733202769106693E-16 0.0 0.0 0.39249311805952924 7.337473714893235 2.0776506870393483 3.150451363020078 -0.4274028643479155 1.41002016021147 -2.0494439771995836 2.6825917553444474 5.560036676655348 0.6151656260416418 
0.0 5.353989422824053E-18 -8.085063008570114E-18 0.0 0.0 5.353989422824053E-18 0.0 1.2936100813712182E-16 0.0 0.0 0.6862954590871402 -1.8749562747526205 -0.4996935784891699 0.8238699450897096 -0.8194194726287242 -1.3566077438892712 0.45936478363281974 -0.9072425162391043 -1.0016937562344146 -0.8465199894827995 
0.0 -8.197135709904722E-18 4.871809414984116E-18 0.0 0.0 -8.197135709904722E-18 0.0 -7.794895063974585E-17 0.0 0.0 -1.1339271440368393 2.4751673156116727 0.11993286646472412 -0.2675286166517163 0.7621873910971658 0.8778998392601036 0.7997962984198352 0.8338089515094065 1.205886437983501 -0.08258548789451794 
0.0 1.5902937682206945E-17 -2.2683869204274007E-17 0.0 0.0 -3.9608213549050885E-17 0.0 3.629419072683841E-16 0.0 0.0 1.159756480308682 -4.814798710909084 -0.7635849769679105 0.18720115318646824 -0.5688484020722913 -0.8899152824945751 0.9802766786279505 -2.4885942805357875 -2.648773603852743 -0.47416685699694033 
0.0 -1.3714116798009992E-17 1.8384347573657316E-17 0.0 0.0 -1.3714116798009992E-17 0.0 -2.802717733707026E-16 0.0 0.0 0.3965870257028976 5.261670827591304 2.236713464331207 2.807041824602395 -0.5345460023800783 1.038389840599701 -1.3674400131648297 1.8140339717442093 4.278679800043767 1.2606771232961933 
0.0 8.939515368260368E-18 -2.0874049634182425E-17 0.0 0.0 8.939515368260368E-18 0.0 3.339847941469188E-16 0.0 0.0 1.6766847977743884 -3.0787703528630512 1.0912004445788022 1.9746994026464435 -1.4140071418196787 -1.1062137522277995 0.3574507743004697 -1.8696307293589143 -1.5016482382196263 -0.3656661685663882 
0.0 1.3097685399526145E-17 -3.0160537882869765E-17 0.0 0.0 1.3097685399526145E-17 0.0 4.825686061259162E-16 0.0 0.0 0.2646830881008868 -6.97509504130602 0.557927550510879 -0.6745238045410296 -1.140920556489665 -1.9803173435079962 1.026461201591975 -1.8265160557989577 -4.014040290266525 -0.37471414030553196 
0.0 2.9221038120720936E-18 -2.5352760283519014E-17 0.0 0.0 3.0677679427701004E-17 -5.551115123125783E-17 4.056441645363042E-16 0.0 0.0 1.4501990265754041 -4.1484865915821425 1.97029814211173 -0.40734771537377834 -1.1817085627955968 0.12620389568984547 0.27866301163831997 -0.5039874710417129 -2.906600035862846 0.3506562531781659 
0.5865249599985826 0.36295340622800154 0.8344506333721445 0.046134665643547956 0.717127893725039 0.6407411781039262 0.07483851246171958 0.14071375531747354 0.26761953720719855 0.9381699792760757 0.02234692672274985 0.2132658826594247 0.18595841039360894 0.27927870437119273 0.9859476350223135 0.3988311632076188 0.22726765040589436 0.22515225941113015 0.054920412851959144 0.3902842602412817 
